--network start--
34:input node count
20:hidden layer nodes
1:hidden layers
0.05:alpha
-=bidding network start=-
$$layer start
[0.016623480185468664,0.9213594400471755,0.43020158009626447,0.48454427969168,0.5326600225602413,0.16124699743365625,0.28118466027552397,0.8331734228970573,0.7021265332658276,0.36437215513653975,0.699732261070833,0.7411218968542123,0.3912992920050016,0.27713635429249317,0.25689177636253724,0.7998857957983938,0.42969806264200566,0.6751769646119162,0.20328367314199752,0.2084194354863702,0.05364253737594421,0.22314269695280262,0.27024236122128353,0.42819749143148333,0.16501744600877594,0.6883352972789307,0.6957377451217125,0.5019958869347007,0.3528460662111714,0.478377895042229,0.23491681087431387,0.8254076328098578,0.2904111998385881,0.23231713]
[0.5283135076556347,0.34024788658075206,0.8092036838847395,0.14575722047852763,0.9734005650931442,0.1670823960231148,0.29941804590446475,0.36832690067023477,0.4439566669485965,0.09456502241245457,0.8063942441213092,0.6823627358014437,0.38925104000320404,0.27614529520385567,0.7932311545865905,0.5410659425317943,0.6347530178892685,0.1074782117007903,0.18083012477675495,0.5510228156792834,0.3336998915662567,0.08932127286002874,0.4858780024767365,0.8955425214117368,0.16449435696982975,0.7271479493977788,0.10764473969866462,0.34110353370381385,0.3473900053447164,0.5725168934524152,0.19924238730360513,0.9772338764257169,0.6744830241061525,0.20398033]
[0.07317739602802009,0.8972075061124324,0.8314453348687314,0.9671871419249662,0.30129676198174765,0.7621889687960057,0.7504829282247164,0.18824565385767747,0.2317890212136551,0.20386590492151213,0.9911069546488603,0.613720225373904,0.9091779922195926,0.31877760518683496,0.8185918332101604,0.3497434456990489,0.7294372717201436,0.44535609405536003,0.6055465080974913,0.5657936398211248,0.9070246200518187,0.807541031774478,0.01833878218422641,0.2883388061594572,0.8114766836828965,0.6462195875894929,0.9412181664911304,0.7550653938425609,0.4688592826179732,0.8137703032201802,0.42036966953187266,0.8743291763100212,0.17999798003857556,0.039588816]
[0.8864805662034694,0.516030579098877,0.7956452207301523,0.39449365754984694,0.8491899251819555,0.6146805597016253,0.6371233040433327,0.7667798392394348,0.8373183045521417,0.18773256666689492,0.11937134998752136,0.6475781353676945,0.7559771652908227,0.7316661105730762,0.03389044479905371,0.752943782302729,0.05139773392273654,0.6850027008373517,0.2690962118863608,0.6514737228094807,0.02990906257893026,0.9897584955234682,0.06383362140038318,0.7828935106013076,0.42189570162217155,0.14949070175830637,0.3320871358116456,0.011068063645370094,0.8071172111207686,0.5232564464402264,0.4877712678347878,0.11810399942157968,0.9020816728939857,0.0717798]
[0.17094049876878392,0.4506650971162695,0.6446004824374335,0.15381236516425367,0.7241034811911167,0.22757782312561015,0.09046570573080703,0.5018780819181247,0.871456517307947,0.07090720352274069,0.6449023280986503,0.9690750389608231,0.9543231001067566,0.3855911359412774,0.6186912039484567,0.24901012326859479,0.3690776085449271,0.4364800030548951,0.40399648324844906,0.1608994967685374,0.17631181835184262,0.3886073323165888,0.4023935755781634,0.12377561966190864,0.8153622084566865,0.32946505035560536,0.8501409351449523,0.36852682804126025,0.8302514993035773,0.3326688214825833,0.9247850472574995,0.8216202858672276,0.5057794174760945,0.892737]
[0.29905720137429326,0.01163742437468272,0.8970926161995115,0.5512303744965954,0.9895662517416782,0.6940924710837801,0.19457305315939208,0.8597503526812099,0.4757718011611083,0.4750443036762917,0.813857244206795,0.04321923571488843,0.8641362124641455,0.6689021283234718,0.4844074728083928,0.5729866136962298,0.08025331380652977,0.9835501904684604,0.20730868986949905,0.6413885195359023,0.4534750082252755,0.3089931357324058,0.40935998846167315,0.10374634098386015,0.17929384160747142,0.5098958973599398,0.564741237126334,0.3825473161118898,0.9887310796020009,0.05845120686980865,0.23386722795554352,0.24157846887758372,0.024499956718020806,0.244532402]
[0.46512538182556684,0.36061026422841613,-0.8010589009333726,-1.1723817198109545,-1.1843722478373666,-0.24737414684024073,-0.43556655309173314,0.41722779311634234,0.37840346767452754,0.5821076586484231,0.4700435830305808,0.30350317389887504,0.7819604866033425,0.9939497276508297,0.6178702967465896,0.21366117767575787,-0.9541461803176648,0.009997648083477362,0.053103201361131704,0.3043904855576535,1.0897176992347086,0.4587955005737764,0.6710428758249091,0.1532452481468527,-8.891057636535692,0.6806820910662343,0.18269106814791108,0.5491239087869545,-0.014576246532128237,0.3897058109573226,0.09079447215640502,0.5185644794439811,0.014608496062890197,0.6402243]
[0.16527368114298024,0.07306460364023382,0.13589054923545107,0.2589321167113845,0.3709931036589269,0.7721204926861418,0.7265008390020579,0.6830613773096406,0.28348902811756105,0.6721732348047428,0.2298650639790567,0.33367114542872345,0.9785393276214222,0.3847249093139173,0.16087419334443598,0.924811571900501,0.6182150199781524,0.944970480849113,0.9487296745703088,0.10863135857920365,0.44212294753641956,0.935120281705544,0.07154540308333826,0.8119489538620108,0.9883140418018898,0.35913594598955584,0.8946007020421879,0.92326501518287,0.20200283601122748,-0.015050314525799847,0.12775698423684306,0.5800706508551883,0.8464299557358435,0.6145772]
[0.4349673549899279,0.796001645885888,0.35512113676971563,0.28715910131902145,0.22131747584458838,0.652636752580172,0.87240834186033,0.7331286629635045,0.12033958979218799,0.19602922014264504,0.6503070808626581,0.1512382109868572,0.009025543627556205,0.011546129444850341,0.303081080915697,0.7433358874339238,0.6745868295193483,0.8014740615718192,0.23182173634299696,0.6372209832522894,0.9943795098191263,0.9890570986471591,0.41787671556737127,0.5916471433040045,0.8115683683987257,0.4505163837204291,0.9364027746293596,0.6175519092866015,0.3876295784485173,0.9711865924243587,0.8837656506555729,0.353246385163865,0.26868343862921995,0.2534496]
[0.1028816081178241,0.7468326238231959,0.2900688577499386,0.8511357036031684,0.9378474002145872,0.4804198893534078,0.276973731393016,0.6720269515467652,0.642613808112861,0.2812805085700688,0.4901030136871398,0.30669951857018635,0.3523771507212379,0.22215024537503705,0.8704423592229867,0.793113672775146,0.45316918489709895,0.9478571712717367,0.6009140980429393,0.17346769927460443,0.34568470329571105,0.5971858326674628,0.9843782379975112,0.2875061735484211,0.5652990442191781,0.4531901754689625,0.3568221212796236,0.5791433814708161,0.12154955294216663,0.6396938547091239,0.28915633667774926,0.5292782002471498,0.4091159906191731,0.303060526]
[0.2570077170333407,0.4962173808668076,0.38193968822073543,0.48727718260280023,0.059301326836751884,0.2069409099048588,0.7040875399281029,0.9779939343892939,0.05451502450803631,0.9600389939121889,0.1688154581872322,0.9731007283278432,0.6078400608450979,0.20784435372594962,0.9582375156879922,0.7354156246541199,0.631134900324425,0.14260756232128446,0.04409822882256539,0.5643844265403029,0.09380512806465384,0.49239330705993395,0.03389087542972547,0.5062503398677289,0.23757487293484875,0.8859462655495866,0.14117766816744612,0.6044305704579419,0.7458016935899646,0.533132188399057,0.7378444526927035,0.6337844592004278,0.147992018369894,0.52004553]
[0.758018250344325,0.5835863982176651,0.6925265302724254,0.23455314814546124,0.44779840749568917,0.5232069795621701,0.4941875317255966,0.02623931044671918,0.5831808664539505,0.710062360697035,0.11047273046919427,0.7008230228672983,0.908909775893465,0.3866220686540008,0.3130503609225118,0.8762130318110705,0.6614025529178702,0.9493069637653629,0.268745737795258,-0.00206844123125763,0.4939562547356769,0.6038824875852427,0.3458137556647969,0.04805035082880538,0.5853944005250807,0.39061830616954085,0.6891645866343536,0.9410860125780602,0.5638235197456537,0.477166565011339,0.394131712057767,0.14330118312757756,0.6677794625170269,0.68679]
[0.5866419320494644,0.5306278971116948,0.7543778230756926,0.3691544520110127,0.7493626176721323,0.5895602747457686,0.20695516857557006,0.6502644435089076,0.1557414803495325,0.46082034732113303,0.25836887389797375,0.4537897898010945,0.2816668567575069,0.2698743531886647,0.6597013886844034,0.5730573098357317,0.5517941186841511,0.043100369951210915,0.5455475335006355,0.6529471908895048,0.26148932057838775,0.13580474768315284,0.673743933331008,0.6877562888157183,0.4785793978806844,0.23031338172798374,0.008711272184860891,0.41846527858386223,0.8691146173534475,0.6401268596607588,0.3953772205609002,0.7931206231592458,0.8022745061163553,0.720971]
[0.452062197582651,0.4507553445834936,0.9663390963565631,0.06615628434417564,0.14144190693702802,0.10462947772642063,0.5873452891798608,0.29038427265135053,0.47872382114094486,0.5221872440362735,0.687162843889284,0.9946144927527879,0.6102871364588778,0.7281430729630958,0.49467388670392065,0.8586449033262141,0.17766889115924542,0.025048922595133916,0.8148274437872709,0.5821515009671899,0.15924805735340491,0.4094445997163656,0.4431564187265213,0.8749629472149074,0.6266731193130517,0.8615144563896743,0.0823487752236292,0.3856316571715183,0.8010314455887927,0.3339640918645634,0.8825076132978443,0.13333944878012904,0.20745223464682708,0.780669]
[0.8087546570091236,0.8367621827364397,0.9630969701543151,0.34358255218450023,0.20895726141835985,0.9891620760576803,0.5339428345715016,0.39321410064778606,0.546261256853133,0.6811443747438625,0.1899874587760759,0.6088248084069782,0.11479085277898199,0.6181838170522558,0.7851990330840946,0.32671955563849137,0.6111467139620286,0.9194251344039249,0.25388761895717116,0.6863309470211283,0.8656519900243537,0.8927475530928171,0.6110897504465266,0.32628654324815465,0.7000601712961083,0.11109634324312025,0.4284310867638187,0.6857141742235496,0.8409909975663691,0.8522057437717142,0.7117365960167695,0.2855146473710668,0.9961501603138119,0.0761099]
[0.8869463339251382,0.7200868058085874,0.8552640965744738,0.9787586240281299,0.10881378629507078,0.4518013138315074,0.372438498793379,0.3194327941213017,0.4286433994348786,0.9859608315425739,0.010325507983895308,0.648859381008038,0.454294012174949,0.3212656480505916,0.6967347646620825,0.7446969657716912,0.02641479704468067,0.17516148844544643,0.21185682421105673,0.5784718668962183,0.014734700547968401,0.9823635649318616,0.30894476369778867,0.472829846561018,0.9078899100556482,0.9962334401516623,0.46461772708723076,0.03247247774863078,0.08981164405873522,0.8697800363065643,0.13094402756932255,0.8499799898974368,0.2264953717980609,0.00289112551]
[0.7098643956474281,0.15540426495148915,0.0810319001553636,0.3011826436377283,0.042745593050322356,0.9012184292472536,0.2280285317715438,0.1228039856318693,0.7614407172559128,0.8257986729052057,0.5092942395752597,0.12726604777847053,0.49125332647341724,0.9190543258366732,0.961196999053331,0.4334391627902221,0.5444018557093316,0.500693432562831,0.4489665577182367,0.33660872749739595,0.3577253256112957,0.7875704907847326,0.6470519203841767,0.1974041131794001,0.8310840728716533,0.4354927016553507,0.5373986026331005,0.7268414906798027,0.7164667248376788,0.44660116026228547,0.07287339462527505,0.02243012508170983,0.9326365078019823,0.11123265]
[0.2876207641284022,0.6890504242511852,0.9183918991885408,0.386063458314815,0.1298919228598617,0.9719075156015882,0.609273477598732,0.2939924357306991,0.3004530604371992,0.7034722297650104,0.9430123072877006,0.09057341081974127,0.7694627426508922,0.783352733651495,0.30975576201970095,0.7621547637278727,0.9627063085873607,0.3963843632266879,0.45320410895798885,0.1647425862682429,0.5550694137828203,0.32250045177111075,0.9787965347752204,0.3365773186274936,0.3613643544808176,0.007616334767455158,0.5558306051766368,0.03219682186531354,0.3026623805170559,0.4958310623472064,0.45293035058436787,0.34724964149794046,0.4243091647446924,0.60937349]
[0.1970525758664935,0.741544625740204,0.28287586841210316,0.5611142501098478,0.3006716605234375,0.37439948180111204,0.22035182912237336,0.5090608963000957,-0.0026326335842390227,0.3354750062206083,0.45485430288558093,0.1304351224583539,0.2054146369407222,0.5332320361098648,-9.60961139816209E-4,0.7709544426428745,0.8141582748477666,0.6162468593047943,0.3490080767994246,0.1277261471359203,0.192023474816761,0.4389493683587944,0.8426790040795805,0.5095661615262338,0.14661741333368572,0.3807689712581779,0.6588741686849888,0.16746345696374065,0.0911423503649079,0.03954371526724009,0.34204505234029053,0.704287780485889,0.5631505470712427,0.49860096]
[0.7988351512344936,0.7032739041692726,0.3057745779911805,0.8038558333878355,0.04176978246170792,0.5261296718794766,0.2860289516562501,0.21378633353783688,0.7002640338199527,0.3545919043368562,0.5082843932720913,0.6974116450286507,0.9180408747117025,0.2769108636524517,0.03334504865446068,0.7513421124919077,0.8470267372012688,0.6870715182912551,0.9890606758438335,0.2949835510827703,0.07576497188104062,0.8545588987278276,0.6978900998375652,0.08754988205215486,0.3351030963544669,0.1603051396866878,0.8859815576815135,0.8845412854519639,0.525529095004382,0.9289059670140416,0.027836558725668974,0.2760218802189095,0.11821565216443952,0.87332457]
$$layer start
[-0.0939245658556648,0.6416317451254273,0.49670882879873,0.12819596027518515,-0.17208375442886886,-0.18910014554037782,-9.345903069134629,0.5971424076358899,0.4622028496571647,0.5548385456408865,0.3781054659444827,0.46648928184574423,0.10228848046508314,-0.13181049672635037,-0.053309361514272166,-0.1759596389828699,0.6030645802212217,0.4189178915783297,0.021414455216331996,0.5203167770952656]
-=picking network start=-
$$layer start
[0.14305323147964277,0.16388701628477348,0.43005195058821716,0.35139453760785416,0.9768532298147231,0.9178619919126576,0.3337241641105528,0.7173719639927044,0.3982420669354515,0.9741892281914786,0.473405809546786,0.72201145856387,0.06388516070463734,0.48252584484533123,0.6178394544638888,0.6665059771044782,0.8139697670219951,0.875254818941542,0.30483060759256225,0.8185582042929612,0.9428974651000468,0.832061385440952,0.5092594590275783,0.541944791749068,0.6643334708426736,0.19921774459832076,0.7916280231520325,0.4561306455540214,0.09402218638259395,0.8260840410131957,0.9435772817907452,0.444600884227091,0.09618000941644837,0.35415329]
[0.6731357397553299,0.7716312777243052,0.04544490397543915,0.7489677563016881,0.16198872031931677,0.5983762037185409,0.7846699504928882,0.09519132892178642,0.7323982748896116,0.8601394535657393,0.4695687892053308,0.07115037189034039,0.8730763925092657,0.49560034172539646,0.7473888353690804,0.3119908749193684,0.9224064046919143,0.8471202970607847,0.6544937448079138,0.009852148900848871,0.45515195754692633,0.26899518997902455,0.8240010815650439,0.15795462984250142,0.1151711767373986,0.6006879556671678,0.8990870491401952,0.8897515260964219,0.9266085361842857,0.052171771938467566,0.06846736465280488,0.03503125881633473,0.8842221350621683,0.407614158]
[0.6722311680180626,0.8972617892693147,0.18884641810886443,0.5448456301385874,0.22377568998755978,0.34880261945343094,0.16410494607524131,0.7029166944779496,0.9222604462879637,0.42046685996455174,0.5918800416106945,0.9449417303469514,0.5586517466008927,0.015476661980011963,0.7268087051946159,0.9464864070223787,0.09495234693761234,0.5855178444882881,0.6656035008136267,0.2407999800036229,0.6405838922615882,0.8368707190104481,0.3047816637034633,0.7103416202675542,0.31148012962141347,0.12819916219778246,0.4534232402218841,0.2815038196077148,0.7368255903685538,0.26643620674452423,0.09096877485574967,0.6542971306065777,0.9021660095060551,0.43612766]
[0.787949744696399,0.36345693805742807,0.11059473578773124,0.28973037460926976,0.0053962401588578965,0.024070742512698615,0.9133765162299621,0.5776725646036733,0.9167241352055184,0.9348497347588065,0.967235682926587,0.9686265848605019,0.22562648610627678,0.7318396371829622,0.844650584877079,0.15779134279883134,0.2809185217119029,0.662751074746159,0.31781688057229573,0.6390210894936191,0.9831439333069519,0.26061527283484587,0.36994183063476943,0.3525115711373801,0.703616269207226,0.6523627343162626,0.012908558858029997,0.3116606269563473,-0.03356686907414432,0.8807400316957932,0.5672469797860246,0.3196624488233324,0.26735053036786877,0.87992]
[0.21877779121294616,0.8321005018816292,0.8045201710629658,0.10958974381325248,0.7997255854715253,0.5578714087399985,0.7839097140815253,0.5583252940904561,0.17322333859046002,0.29821637450057437,0.35514650840367706,0.762536250039521,0.8574535860946076,0.32257318316386363,0.7892985274226584,0.6696405257031703,0.7884032595708087,0.6268387182350029,0.580166202297753,0.07398195716337064,0.46197147721528403,0.46120961412151784,0.5741681464104093,0.7389613044817879,0.6919498397606431,0.24724830236953702,0.5780059327896104,0.1290450504220067,0.7144268210640157,0.18562280077386561,0.8443107285803811,0.25656944965474626,0.27873747759501794,0.183140064]
[0.3118559507788422,-0.11521333098795718,1.3024331358885877,0.6732502537024107,1.2485189901043832,1.003384667645565,-0.1931926210602349,-0.5799899044615014,1.3121828409178133,1.4376670584312825,0.6356113844645183,-0.19671162353597144,0.0046754904395927,0.18506229152434772,0.40243001672497114,0.8836404541183032,0.2205631011619993,0.32480084697921763,0.6278638986000366,0.8373796012695834,0.633707819543551,0.5615961408184763,0.40726325048095957,0.49681304955993,-0.18804102485510046,-0.7601579938063531,-0.5864269425140582,-0.28335724769386944,-0.5560680046161957,-0.5441079899105532,-0.8486397062262193,0.951845232365274,0.6394438241973275,0.75449291]
[0.4863055995271598,0.20386733828838918,0.2832529591416872,0.06168221433982035,0.033150945053748875,0.4391095264104754,0.08755277473260646,0.24680714828069913,0.42531174711257314,0.5871464254641395,0.2317817282089408,0.014635807494209075,0.12474430192305852,0.12556321316971175,0.028157271773705528,0.0028259120095185386,0.27513804685952503,0.39373814736668244,0.3485917659802144,0.04203383245169282,0.41378992309952634,0.8532731618865949,0.5167003352682217,0.1870977347699756,0.07245139825560364,0.8752226460924604,0.2706867011027459,0.9236426282558872,0.6219405849328228,0.35093156038646206,0.5684948975337194,0.9363882818822116,0.588291779526997,0.054151185]
[0.9036167486972819,0.017473229168731657,0.7240960499297467,0.705442425024672,0.0937304336036641,0.01020692927621145,0.7703836101639083,0.46781076664438465,0.7614034071789576,0.2709157350595391,0.8154272296762167,0.575965871937639,0.5257354578853113,0.5179544082087574,0.6062559845871824,0.7420806303697944,0.8812654604067047,0.7192328779038722,0.5365827949347168,0.15813782524949274,0.2515920486562415,0.7252633168361193,0.19343464501003188,0.09380915383711208,0.3332026174829588,0.6446329560997988,0.4046303689554042,0.218252160364881,0.9275984186888646,0.398272729401693,0.8969963565161057,0.6488010390207228,0.09583770750385658,0.609349]
[0.01712386917655595,0.2869610555176475,0.7104932140688035,0.07259363433171,0.7992661462376783,0.8911219134871555,0.4779278709369097,0.859217378327378,0.8403981754209991,0.10156045119903483,0.40090217213526513,0.6008878455442961,0.21720790585318117,0.6022124672485996,0.4752753682307105,0.9660277023764311,0.8859619294453698,0.3529556535582167,0.4907977776457861,0.9538535206812647,0.4793290886044112,0.7230644887998524,0.2908851362916377,0.6823260737492619,0.6637075371353748,0.8196096320262299,0.04553431480791575,0.3748036641636961,0.6378079465340106,0.1519544626279041,0.9631537634424117,0.29384616826042376,0.1090168561217773,0.18841866]
[0.6722738086531909,0.3153906549959812,0.8896615766308369,0.3607544072385288,0.8999203207487404,0.4589224101256101,0.8744076010370262,0.5710624592685225,0.4803053256785378,0.4449131005115729,0.22036853917420696,0.210532802317398,0.6413901574994753,0.9449190892580307,0.8328335283483647,0.3195767973608512,0.5154741392761043,0.549854174774623,0.1596240713927698,0.6098160542920849,0.3211941965153784,0.8592439216146281,0.6557466563041942,0.6530010302564673,0.128892534506154,0.3332971351381434,0.935461459617455,0.6435040441040739,0.44718565197674665,0.2772395360937748,0.045875179049314936,0.19404993088741196,0.37701161499034036,0.024122378]
[0.43982944046383354,0.6662588549902021,0.31826774679006253,0.5766754879475081,0.05372931533615503,0.5085941622932527,0.9491509930411655,0.08942522232601477,0.1158937382331646,0.6835102990650315,0.39708924583478084,0.14804169520179258,0.732545623837431,0.09091533984473787,0.9470123778915482,0.6326592079593154,0.8905974858182872,0.22309032120810468,0.635996038258335,0.37003308307644384,0.3405805673877942,0.6232751778280917,0.18310115106054026,0.8455825545471973,0.9250709655044554,0.7720076885549956,0.8624745451500198,0.43766523916226213,0.18309332302022305,0.19538180768743574,0.3117338425165455,0.46679521712509486,0.5507991634993876,0.990445]
[0.2525859189338229,0.913989588988716,0.2263520961725178,0.9128033378264205,0.8264683736904009,0.09284354949774912,0.6624995518887417,0.664802158649243,0.7812237026104455,0.3534547488586144,0.31611722984424045,0.28335530882552284,0.2827694910391847,0.9494136611966554,0.5410785447165495,0.831948490223772,0.002262240983012642,0.10577105872552961,0.6614363276200004,0.9170367443893358,0.19394681064824715,0.9074031977990024,0.26320210197013233,0.1313368607124641,0.11198838248800069,0.935262800316025,0.26063836353475645,0.6817543988971079,0.6532111927502745,0.6388652674555413,0.16238745429512527,0.31100226399300646,0.17731067689954272,0.0111755937]
[0.6054483290926145,0.49052355993487917,0.7255837190390281,0.3626514592777486,0.9817439328305891,0.2505174224317883,0.5973943935790845,0.7436885252628088,0.3446580100393452,0.7897760464924491,0.6844651815953307,0.333470174995138,0.4451962350495682,0.9726215108506878,0.5659961858540802,0.4123450232250965,0.3020429605371736,0.2769004132965349,0.3096566209589378,0.3406240224816151,0.8080916491373805,0.7595961438203279,0.10128211755276219,0.058553347447382276,0.733105776766013,0.7220657424504134,0.35018215403558534,0.7222177339610064,0.40037304980268806,0.9365683050575772,0.4459527798041927,0.0157761230179283,0.5790691607736136,0.86310052]
[0.7573140930344149,0.33851928352506666,0.9308649505622092,0.07715362351245302,0.40068293047743914,0.38097455207549,0.4959053020387238,0.70730682720537,0.013071925065870205,0.4093723237354605,0.8006456674665302,0.16633291991151353,0.9128751947462891,0.08401334532921834,0.6292183039558511,0.48411123179727034,0.745234018787758,0.8699025413639306,0.8801029835051193,0.12962631880980366,0.440149035626003,0.36110760547600707,0.35465694212304205,0.730470290998487,0.9705013929051082,0.7114050114915162,0.8960279397552374,0.27822534823090084,0.3944700374477924,0.8771860167622865,0.7811735909838622,0.40762179870735704,0.8600556629588746,0.47150368]
[0.7452151072560189,0.87341698820033,0.8253976184807523,0.8680190996812964,0.5662139847690169,0.5221715073164406,0.13085208541579,0.5390311523632784,0.3564731691915744,0.8964008680168588,0.39110399127194906,0.5881504250534699,0.9212564133071776,0.12122195251761692,0.22751889507630152,0.6828184730069553,0.07085448741571687,0.7911944146643587,0.09845727220688581,0.678496608029708,0.7294474011038466,0.11467243530707896,0.5400716555234956,0.9200826342477746,0.04086740526545144,0.24144372783191156,0.08883022054184894,0.7729002893387042,0.5494174459467356,0.9501306610904015,0.19125113510444228,0.6230277297792483,0.8624805250421623,0.9614981]
[0.05633551511866319,-0.21879295955235317,0.8704535173379113,0.6591834302935308,0.45458328562609357,1.042411368987719,-0.04258219963576514,0.6274794656329563,0.7622510554597481,0.6383326573628333,0.7550691615907531,0.41654363891959745,0.5477935769525514,0.19014589318393482,0.2152628494953961,0.11437203986821609,0.9081246165066248,0.0799101636991284,0.6579458580001479,0.6361412127970894,0.8290401644840659,0.831599327258325,0.7262780478003509,0.13195467554516604,-0.07783455190096392,0.0272673900439158,-0.21276497046358483,0.5022080810245686,0.41858233672368994,-0.2583984153672892,-0.386945460364966,0.26006248810994215,0.536835666422983,0.196919]
[0.48717917642327135,0.9006732020954863,0.6420529243437245,0.6567985006185659,0.6764798028161081,0.24614382940490281,0.714785616910331,0.5438498640503303,0.04422318912653356,0.26138941382283465,0.43699740061838993,0.04360036189227891,0.6527197360513195,0.3379524716760116,0.47222891067428907,0.20260473206627516,0.0729475509935914,0.22491067735652648,0.46268275852560503,0.007443141962276802,0.8796040621968315,0.6151949170631207,0.23110961667702434,0.4658491264690042,0.4360309432038189,1.0236300029646381,0.09599767000820926,0.2615449574608907,0.9517606031447725,0.4533975055135864,0.10944829387784895,0.44740410662192975,0.11442634699985947,0.52089329]
[0.802294906130449,0.23608327013718897,0.342755107628289,0.8122504025070769,0.4450218272994214,0.9356965014775961,0.3768136411068392,0.19189839750209137,0.6669256180472238,0.41308974480563454,0.7149547260344498,0.851672110281566,0.31530868691684033,0.7894809602806246,0.8772554759143972,0.1491892525891677,0.036707609669119345,0.7991919142763667,0.29489579213657535,0.3774801807920674,0.6809903741426615,0.9348384364454816,0.5995399847310016,0.12011067354928084,0.989713904783027,0.6559042480066916,0.2193140557224023,0.21417044206871966,1.0349644006832666,0.5083854401547048,0.2782995568930059,0.6338442663321592,0.6885038255932795,0.5113361]
[0.05417768348465113,0.461500194068528,0.5611731335009832,0.286169528953745,0.7781845064142144,0.6018238015799816,0.35770908859466505,0.4687433570653499,0.4466727827055786,0.7095923677764643,0.2430993251058464,0.4765788759451,0.38025419176663133,0.24103639683044742,0.5715472644967627,0.43244948315710285,0.9048638274770878,0.29289661420801416,0.4302069459269839,0.13862790578031228,0.8740805947322967,0.05741644601836873,0.5288278508258992,0.9843493738530877,0.8514073994352637,-0.0016488056899858087,0.6451887456129394,0.22435174201334437,0.868008170085812,0.17481454912724173,0.12215313929520147,0.7983156306586192,0.3337444330489637,0.0237562717]
[0.87347767837028,0.6904689117599373,-0.0010790198038016544,0.17155286904449113,0.7764578172099965,0.22183077017657593,0.6475311667983964,0.4504816114135272,0.04183408858040587,0.8979788018087211,0.7421124206320179,0.4918468159870951,0.1151550580868338,0.3452470187968435,0.25006090006117143,0.7312194594554126,0.4916012359777686,0.03312699606464664,0.30868035356699514,0.16066868334187898,0.14859705831481632,0.4671289323201687,0.4638271670073238,0.4417188168276365,0.5917381485990829,0.9248702039442324,0.659947682525497,0.24462995377947383,0.2570518289072977,0.8731457747336412,0.4793459654867339,0.8030475842170232,0.006373682846994854,0.74647744]
$$layer start
[0.16538850349350578,-0.36728038935412793,-0.11688846232127949,-0.2568775895964245,0.20457769961095132,-2.307817174388821,0.11437973195428747,-0.5911831218600611,-0.4571882402332434,-0.5428145089305162,-0.008352375646889114,-0.5507722345376478,0.2791671836050452,-0.4459426853791589,-0.3446776503768214,-0.5010121134998143,0.2535653603256586,-0.3392359645784336,-0.4439417600596919,-0.636241129936893]
[0.16856414863015332,-0.3926443338347555,-0.35667393786096674,-0.27479701305885174,-0.26582339729268645,-1.1153078958563472,0.02677362251749149,-0.20025388079100315,-0.25415582717482876,-0.04447288020261072,0.018503478667878877,0.18665077252453366,-0.20478586766881407,-0.5962952945940492,-0.46709036136317006,-0.7721125342612613,-0.3485159241405705,-0.11638991748551687,-0.6212705178340444,-0.5708902137157161]
[-0.44879501743085337,-0.3934120142811955,-0.7612780519870823,-0.47433683678110306,-0.3706562825269795,-0.6681802780798715,0.17691099887460154,-0.34748689929891796,0.018942045086522752,-0.1527635014589395,-0.5046478119203898,-0.02304090705194473,-0.053270502966553696,-0.4036513105125402,-0.5480463356411639,-0.6603429105833085,-0.00819385876614502,0.04202412100086485,-0.405179872635749,-0.15077988141225568]
[-0.22156315922596423,0.15566984873646503,-0.28391694071371554,-0.39907266433837996,0.2690892941218978,-3.6755825478270436,-0.38647684006128574,0.10297686057483488,-0.02730270570719074,-0.3209214990710286,-0.2707980258440784,-0.3670922532923595,-0.46820312784175355,-0.4829567589015844,0.19522954735032788,-1.7266183582032957,-0.00914865235700648,0.23845195299960442,-0.30977058739507246,-0.23646078302532936]
[-0.9490612113540314,-0.21441486311376656,-0.3109784763795299,-0.28170202570267006,-0.1468894144092012,0.5371223825327448,-0.18311480859043824,-0.6047605985131149,-0.8014938193995808,-0.6722115793893555,-0.15765907406534885,-0.02360927025345812,-0.2668382821586478,-0.003809821902542888,-0.33570874819682756,0.02052412042699243,-0.19861150691308413,-0.5408200944167585,-0.1914492896088028,-0.7748521075136352]
--network printed--
--network start--
34:input node count
20:hidden layer nodes
1:hidden layers
0.05:alpha
-=bidding network start=-
$$layer start
[0.9576794838667422,0.8385182939800147,0.8529013226067997,0.8886717886669845,0.5953051203551796,0.3421575879862132,0.9323377868535723,0.6726211027402353,0.8054926200711934,0.8173129759617958,0.7225357501069214,0.9107768900565079,0.658892361407822,0.3951570987019039,0.5348405576793153,0.07835864660138006,0.5754328213495792,0.9730519440739159,0.017030731466376455,0.7990873316132947,0.5421864854259579,0.8723067950324882,0.14945754976464518,0.6098325400093892,0.002432717145065542,0.9208770105970238,0.6438175785140223,0.9781215100013219,0.9723127827911314,0.8155125810878845,0.35324389661418565,0.6275698996526026,0.9008721030197998,0.2817131]
[0.36095550098001505,0.6893017789089618,0.39672008776885737,0.09451908457195242,0.3481110475997837,0.7437343152209539,0.30058773451936033,0.73762571109556,0.463848284409557,0.24438018554467064,0.7181083538930321,0.9149576261285894,0.3376667863921341,0.36495127015216655,0.70063865985396,0.09902534783620637,0.13576919262706352,0.9370554127010785,0.8462744406755617,0.7143717349167342,0.5750117274502013,0.6815861750879986,0.7931529917946885,0.5597083293594526,0.5221680832083885,0.7010260501763729,0.6183813624045126,0.6274286127019781,0.2869812465036331,0.4815323008109862,0.5501648029932222,0.4955924257007994,0.7066989973393808,0.11362978]
[0.9846024293501274,0.09155290043280372,0.84328570969933,0.21408065816479235,0.6208947100428699,0.6597692667857563,0.7463055867516917,0.5237999474779156,0.7852015623677472,0.5603460142967575,0.09999194568666767,0.6446941098064657,0.473841199538817,0.5721534047438496,0.6924891993123894,0.20782161435496874,0.30091298916428033,0.1574573276618012,0.6599725031619543,0.6833921223364492,0.6244946340594429,0.36301530448362246,0.6101529822091006,0.8876369021040151,0.39410944421895405,0.7871396129127227,0.4480142105776019,0.1535734598484918,0.8808553049960943,0.4771165007037006,0.39247735855537885,0.11369494394492119,0.14481241877931955,0.1692278]
[0.9934079327539802,0.9723410634949494,0.5946511448984114,0.02539080039961141,0.1603166188984494,0.20821505137024346,0.9852139456303798,0.6271566360112475,0.14215650854170037,0.6341039259839478,0.18906656349741613,0.5358088455695934,0.05029748223940026,0.8394338263142547,0.005305686601448856,0.7171129617225589,0.19730940834801058,0.15939322210964302,0.49726073796991793,0.5079608241780362,0.5138651253500283,0.4261298028018965,0.8464485201302934,0.9932606512910136,0.696511913718631,0.864315176420402,0.7489231210546023,0.05289911744169352,0.4323199982023383,0.9106256701287149,0.2045367869643866,0.5058789603518794,0.36253123150556554,0.57853909]
[0.17274725173504746,0.4238509623201888,0.7245719052868594,0.6825286513515282,0.12704354263247777,0.7845832765119368,0.68576348750944,0.20071831749093372,0.5238786012529232,0.284344393661698,0.19752475384106277,0.5378906981482514,0.43556322258844976,0.4695126528366814,0.6115038010849253,0.7256345305934038,0.10507470791533326,0.9470011080582585,0.8053306452445733,0.08095850837981353,0.999443206506227,0.7962829715249213,0.027633573692750147,0.09232350164451342,-0.007735409957351027,0.058560407362823835,0.6304884542396573,0.9620404904487695,0.7212845128387441,0.6045400860281106,0.8383891888834691,0.5169900681829591,0.6303425878259763,0.38117371]
[0.2425140930170675,0.6911309491145136,-0.8028940923798937,-1.1706608815290405,-1.1846250143681742,-0.24817821706437254,-0.43590665267168166,0.41752538548472906,0.37920247087860337,0.5827716755227096,0.4708940650051671,0.30308561669117284,0.8071904076023185,1.0198109764678314,0.6415098882431911,0.23579844769396943,-0.931724903378165,0.20224218017334927,0.05249902399602638,0.3052397755663166,1.0906479306101975,0.4586199809885031,0.6714515919205897,0.8022883248470677,-8.889771815185082,0.09055587053383793,0.3297369749725811,0.4318334306020653,0.10902439310370388,0.583157080451184,-0.04765019631883956,0.3167076073719389,0.9018019673138735,0.5739991]
[0.6923471503854711,0.49429397880180664,0.44708890090836173,0.3884376368713339,0.738746718834935,0.17105543179682614,0.6374217401284274,0.08891768608738713,0.22521835245318564,0.5123348188761306,0.8359839133603795,0.07116980828552352,0.09580648702690153,0.797356131701511,0.46597223088613177,0.5721848493809283,0.7825701549711324,0.9520594677616891,0.3769350932862729,0.1890005200290459,0.7431686117460684,0.6982169376017813,0.2440106398387825,0.35064500798993803,0.44529624782823246,0.33161330470050804,0.9867111589677748,0.10052736295506637,0.014755694862486488,0.8424875606700898,0.14502415291696538,0.34066364319938414,0.16765527337401723,0.344382]
[0.4884982148945871,0.9789916032216079,0.7149930565733181,0.6483997592664634,0.9960464802076091,0.7170459250522835,0.8295122271984118,0.8565410730309556,0.9136165356414137,0.6560394411438986,0.6121459650733697,0.04017022338944837,0.9699829827097057,0.5507850436489172,0.26619354873619433,0.9351514731604003,0.6366634863787588,0.9839934835802092,0.8224219765986799,0.322248046096809,0.38686592016658394,0.8687571176151273,0.4197918574435609,0.7928820841362938,0.4165318767209358,0.9145914510614451,0.5619168765590565,0.1975657097321639,0.7178760697625766,0.8801517658395743,0.4293115424179502,0.26442022185459213,0.7197139659614372,0.9127034]
[0.32453028140456164,0.5365363274301963,0.3515298423530819,0.3533379780959513,0.4925580817156794,0.9507016572588385,0.5284347759425693,0.9185308325933699,0.12310245801846657,0.219340935445585,0.3449773438615794,0.4933869326306576,0.15524463653237533,0.3332384486627821,0.5995113015542219,0.1756711392929462,0.5047925272387298,0.42218345512544897,0.4586931766915551,0.6872781589613857,0.8393889304716033,0.42529692906211297,0.8995563106249153,0.6638720541280729,0.4754087274309753,0.09533396060252904,0.11602896312165555,1.0007621464900933,0.9221617352480707,0.8353730282953499,0.7887795560752392,0.8266474128244132,0.3800535689391123,0.52450585]
[0.020287833122903498,0.18451317107233223,0.5110832459822318,0.054314162081809565,0.9333971675373045,0.9050164284976153,0.841809927138881,0.1462779266623192,0.6716853783815656,0.30995962278786476,0.12927370742830735,0.911147690739243,0.26080477757368636,0.4784885200785557,0.658243561185673,0.5085833613035706,0.37966547582370375,0.514876980781896,0.3459669302561131,0.7093058698797042,0.5187531848024439,0.7733416994539186,0.5544807873926664,0.6350753771955974,-0.180314051182515,0.1993105242049248,-0.10370484074793505,0.8680423240740449,0.2220133188524906,-0.06298841610535454,0.38586413522761864,0.09174579071590727,0.1921096062912181,0.5145513]
[0.3578516642207127,0.43670047121676175,0.4924563202353587,0.8676874925592202,0.49169849848121805,0.691908678865994,0.0070410161594439,0.642372821579647,0.6649458993284499,0.006160456877750276,0.7558275264857969,0.19888033049575596,0.3514287698610117,0.5092303066108553,0.8426031401660071,0.2581349675794822,0.09297388291348713,0.32431463665481686,0.8179847871966884,0.9923615306057555,0.5967101681641965,0.5936078935784439,0.5812501962124802,0.17553977360007833,0.18303249074574116,0.9648159438803047,0.8445833543359151,0.8788555793509608,0.8442564596197814,0.30348586656203086,0.8295979545648975,0.29687701579677095,0.4039572645668088,0.6302369]
[0.4866993924003987,0.3786359346868861,0.04699716226758863,0.4199005024031159,0.6617280508358115,0.40162185940816897,0.6730086480132209,0.6529623712760443,0.7304465051344885,0.5351869505320904,0.6292249087920204,0.6375975743103366,0.3718838426872791,0.7477387409048278,0.4150622940673153,0.21859037353642513,0.943465543182148,0.03393883359777716,0.11545825073250954,0.9331200017810746,0.7370720774134284,0.030800529279384526,0.5792627620249091,0.7228232727229782,0.8843163865248791,0.11655430778590453,0.1398622000606629,0.7931083001857137,0.7577901572872349,-0.05106873525608575,-0.01058952208637646,0.6320760814025219,0.45760181259468724,0.4592494]
[0.9558952096304748,0.9589194098424538,0.10071891781967299,0.9905417528602243,0.8335379173967088,0.05993645882728236,0.28153587647169476,0.42254685446113094,0.8180185795657077,0.6680196906054308,0.5701679942428167,0.6967759152124217,0.1803638095721477,0.6321709068758206,0.9177826316803511,0.14328824977224983,0.7686872324808013,0.5207100740562434,0.33937132293202465,0.09744340666551385,0.7596240729533371,0.34217212479469633,0.19530914895651935,0.1569914810887827,0.2769738176622238,0.45468883271016985,0.45715685625035785,0.2506949246344559,0.2846747733680245,0.806421624146415,0.5762084644626525,0.9136026662219489,0.30436401982420913,0.50526398]
[0.12730300888478308,0.08359438229612462,0.09406420646033302,0.16043775234180338,0.07011707506899575,0.3299515196144573,0.7876532240697911,0.3242253269806388,0.7787922532472058,0.8668158774270074,0.9109531687165219,0.6097388865681581,0.23052129908281743,0.9458702935058162,0.5505110726545107,0.13332027593353454,0.38076558891032686,0.5969403288525574,0.6112466115899098,0.9197809851116809,0.8390193484272456,0.3608968388349473,0.9975066138965274,0.2736441368138769,1.0110203031247487,0.06064495072690105,0.684934216831783,0.24769838172258865,0.3289139111481565,0.6773675383468976,0.5315467343304175,0.029363851448934275,0.6339189065464738,0.2360478]
[0.8946584168911945,0.6253826114603178,0.2049670245878293,0.5517348225075905,0.6898296955490465,0.9888995438151683,0.735238956979092,0.5630888554197082,0.9368389115407646,0.31845804468698974,0.6461663171598079,0.05701921290528483,0.7543218129212003,0.8203066365937252,0.8938591707700538,0.3493949258705791,0.6911214525801366,0.4621350736186536,0.5747911695438522,0.11702837651957007,0.6835793543254552,0.8622337569563525,0.6694599066681144,0.6980549985264155,0.9298381599127933,0.48741031013676367,0.5776718207851093,0.426142282587678,0.2889355046799094,0.6367510654411532,0.5869026491915188,0.5511433937333572,0.48729067269773135,0.97115294]
[0.24857327803351625,0.47234047377673954,0.8089778696530106,0.6353671971141588,0.6714758097116701,0.32248813898103246,0.7781810691550195,0.32748567755422175,0.3008400577499363,0.11534757274893624,0.8240587184180111,0.1650462746999737,0.07650601933642343,0.7718046410608644,0.6251016783225205,0.3210415760481011,0.26136153965494185,0.8671613151826764,0.7158711266131308,0.18503258177357101,0.8049099927837658,0.27238311509040536,0.07405808150937293,0.1401231846733304,0.49467666008560285,0.5865865345933772,0.37366047461860735,0.22765514198203166,0.28506606928037004,0.3283118356528491,0.6027868007132192,0.9521703647140853,0.4418888918422162,0.35275492]
[0.7725330713268589,-0.028718642136557084,0.6017352226186486,0.8622893000050552,0.8614548926030955,0.6523049208613554,0.010015181036304997,0.03227719498040648,0.6049789381093627,0.27349077935486016,0.7094214980059753,0.4022150408602694,0.9433206790987949,0.5663464631802515,0.16390890434051444,0.09766702457166158,0.9710721091831868,0.867544781048598,0.21119730314143406,0.7635444160930976,0.5959445124602343,0.06270829213489808,0.48371099811121687,0.8177255622747689,0.32292669894344456,0.2664452806512678,0.7286821783088491,0.5369277575346902,0.2285172253734968,0.21961814524225934,0.20890587319604778,0.2615370628453717,0.8448199582665982,0.065047501]
[0.8806592521911193,0.27546848709102395,0.43525116150999,0.0739215616902562,0.7994529652363417,0.3601407788492032,0.6897804477745679,0.6371243615917007,0.5455345028190969,0.712869231111875,0.9627066130696663,0.9612763009430492,0.6047776363938121,0.5805390065986564,0.3180289685011607,0.8772474616058532,0.00302310615336583,0.8073810506840061,0.36290408222475495,0.1650391073695892,0.23927941739899944,0.6318819750970776,0.32415400367633257,0.17363998147632687,0.6279649418523697,0.9653557346261379,0.9682082481938888,0.3702452364979983,0.0648740359372015,0.1789005521915635,0.6800873581947426,0.6910527162949764,0.9302111074823642,0.5374567]
[0.7810474459176122,0.40131506369674635,0.8205378383074383,0.23881658280236895,0.3471650047772772,0.4851622686797747,0.4639049994808794,0.11570158553534005,0.17896568196097462,0.8245359973436164,0.8567655715167442,0.13383390205154377,0.4179374443176476,0.24639980758426672,0.2241619241250263,0.7025982165260735,0.9140474249424966,0.9483914110170392,0.20111705614421263,0.17857195510990462,0.36357133822812526,0.28330125974948134,0.9232953040376028,0.9685189756320054,0.10114247089395859,0.8123537189099632,0.33288645686174706,0.4874584064078538,0.19718487234900278,0.6190979581695158,0.3735159191328293,0.13782792317945192,0.6037316505739625,0.32797539]
[0.3010835175571841,0.15903146680828964,0.26168818527770815,0.12244599111508185,0.31992625410463243,0.20488604723345988,0.614567450842451,0.3830752348021787,0.25802876457982044,0.707653048921532,0.6694383792739582,0.16926598015401528,0.27233470310290486,0.566868920702594,0.03335814795928456,0.3947817612643513,0.5796925706753876,0.44884828799290066,0.9664691330521764,0.8977250166699294,0.46653999259211776,0.19363537156047522,0.12220352729448146,0.38009689385452117,0.6294591324620289,0.5119290630625254,0.613861708325172,0.5279226593474373,0.17306373413080134,0.0740320729935541,0.7282375891537156,0.4903957816792619,0.9951347955700555,0.36891092]
$$layer start
[-0.20218855844830733,0.5110555507263188,0.047503316074493436,-0.1615521174402935,-0.07515454347778659,-9.339926825240346,0.3152535281585267,0.6217767861916212,0.672870092124058,-0.494340532799399,0.47558353824300936,0.5331136620745347,0.3069555064375589,0.2938529718910896,0.30072304651947823,-0.12395321489691538,0.6705521303989213,0.18506146172369164,0.4658178594873503,0.2314827880999382]
-=picking network start=-
$$layer start
[0.8911368204113309,0.8983133513002474,0.43781569553989885,0.32005929421619433,0.6510025129930881,0.29755293852508613,0.6144040512935988,0.9179767558826949,0.5958500224281562,0.2998242323023897,0.20495031240247627,0.33595674939469794,0.5770984917169673,0.5955691532799151,0.7697275958393345,0.4985902434978665,0.22794120052149414,0.8538566128305884,0.2375373263689798,0.13920754670362595,0.3169626573721538,0.032646010616308084,0.3227557608411559,0.6981971316258753,0.10227986228011121,0.7171713972189092,0.4200445087863277,0.06978720230932269,0.05351744702479632,0.4944462689216522,0.6457944726483041,0.2312719597607228,0.8652955896155239,0.04271]
[0.14390675854993618,0.2709236962161696,0.9739282496305056,0.47380273349230134,0.7693638340539734,0.19814936631263638,0.2998076186799509,0.35970826809411827,0.4847358332902699,0.13533517128916656,0.5094988689098033,0.0915482175020779,0.088558435165901,0.20013579889159283,0.23888870905129933,0.8098553543394948,0.11571188582352554,0.9218412841012428,0.024230857909023688,0.6496240795858284,0.31098006279431023,0.5113326017820277,0.15253256567414908,0.5380888622249104,0.8924873905506271,1.008525901409488,0.712209541527598,0.5347534388991051,0.8990718169738915,0.06776502434411759,0.7337142725382394,0.9589576272933223,0.6713935055402933,0.3053705]
[0.857560727013946,-0.004042508997917814,0.6193365208220433,0.9744281220879191,0.22398447827999643,0.8625131433842789,0.7138699135380209,0.7509284590118221,0.2136434405021942,0.5698725503665277,0.711566420122201,0.028828038812727344,0.9512916994754727,0.5748004851136862,0.9382528753949598,0.5748563872593895,0.46312322483671187,0.16272335251700276,0.9726226178202352,2.770692064352087E-4,0.6812796996957373,0.46130267804704295,0.09567187745783184,0.5538574440359868,0.3986091006037066,0.9200458316874711,0.19094361651079084,0.9737275478080064,0.7962172057209738,0.7298725512702227,0.19696333037597197,0.5625297078701678,0.6216600713140867,0.59461125]
[0.12637056143200864,0.284868950736757,0.21177687476666104,0.3080809739955603,0.023761497121753385,0.5858108847595969,0.04837416178306971,0.6558590711777265,0.8654197280313292,0.18372919225630693,0.24235028663664718,0.72440421704276,0.6330521460446364,0.3571466948851413,0.25517767699481253,0.06618707469423857,0.451367812661871,0.47245775835489723,0.035055743262181555,0.2675756593930868,0.8149087240714359,0.3241179329158125,0.37290474543438806,0.41186944596116815,0.3838857621858484,0.3541506843298772,0.6052613290970191,0.9152186667228988,0.2837735794308297,0.33457295674785836,0.35383946594765153,0.9278111280411971,0.7342220024231785,0.74663595]
[0.7731867954513483,-0.41638266594972423,1.4944304167473528,0.8585712346493745,2.2892601391302443,0.49617689517088676,-0.7997044904249904,-0.28258320987817503,0.708923302749783,1.7609916327855977,0.7014695355914611,-0.24783152700322825,0.28635487028190687,0.017238270300503067,0.16589986647158883,0.3688601314301191,0.502213112376038,0.4282653397489641,0.6298917077352747,0.9091226800783081,1.3352030072336682,0.2457952488143671,0.4966237162813091,0.16591686795276295,-0.17447214878139955,-0.16443130475215043,-0.27787671979618966,-0.5932108067283322,-0.6420606224431833,-0.1639400388583385,-0.7185956233034925,0.18195517359582902,0.6133657347339485,0.4343196]
[0.01975822344571232,0.9631406707005985,0.40435293370734243,0.8033492080609521,0.9119910154063892,0.3649593649559136,0.07121719881882672,0.966107990405252,0.14813861990342897,0.6696697208282341,0.8327021386362855,0.7545394393023159,0.5785914565585878,0.46435601514405755,0.8974628305917067,0.8608308936617023,0.4261950195786669,0.26156370980192845,0.9393031670784775,0.6508187437623817,0.6329383126913664,0.5968430781435216,0.6835843798723172,0.18463168286922305,0.9706256921441261,0.41573419642764414,0.7644792440344373,0.05478517148852095,0.6499726709051862,0.3861524919734943,0.43893437042643746,0.6800288542535788,0.9970068907862697,0.960417]
[0.01521283428339526,0.9600052096701251,0.7955936107488693,0.9170892823460266,0.3300717194686781,0.22157349574141702,0.01818317919863672,0.9619279141134774,0.9197412230749871,0.24174131938925292,0.19318120192139118,0.28424889894734884,0.48446058113624746,0.8178543090797219,0.3134422631914814,0.7084427673557825,0.18115659411929352,0.9944464272760366,0.7865194016704875,0.25056348313212745,0.6175039451076131,0.7113450444403904,0.8402916138713938,0.8333097818057645,0.7209974824849129,0.7868816821557902,0.17265938503936554,0.21642142555629282,0.7439844068764243,0.7895987514922054,0.6567060034455964,0.6803786553016138,0.7528703098123843,0.45851972]
[0.3671894041902767,0.8733135001125413,0.5419680627664688,0.281330927913491,0.10986097503720632,0.44988309399499515,0.9594524447260805,0.10175414386243194,0.8175563844967391,0.7786711509097125,0.11547904568417668,0.0925803829149685,0.9854582402458213,0.5858266915962972,0.9541793996346688,0.2191504215465282,0.619782757292543,0.3443690254873507,0.813061309574012,0.9250073976730949,0.6421709536389095,0.2004873407173129,0.9182229113935876,0.2620370622337329,0.05817408807259283,0.9936451613865928,0.6448959213747395,0.5444841840791711,0.494077057033063,0.46247745233639603,0.9321314197386543,0.06337210670400639,0.8150995916579755,0.431637]
[0.31700031334794854,0.661360830901422,0.1353472763354066,0.23057453221235658,0.5899362079435941,0.240343327701701,0.07604231248863363,0.23667536435416195,0.644377251977173,0.468847748808255,0.724898991147883,0.5937668568293453,0.0627653209615765,0.3410676994546654,0.7152146036533366,0.09178694914104002,0.03575499455397224,0.5448861005784263,0.5711164693484718,0.7399224755217416,0.33001793844067606,0.13167971874357287,0.6152079977353105,0.8462586500045673,0.6328169969596931,0.03599473308602629,0.43193991710743296,0.34200949895671523,0.2924099014451414,0.8022656931445896,0.7519511197867644,0.5293199668756919,0.9805691734721738,0.99261695]
[0.6082913558014899,0.2688781598205461,0.8132135240159508,0.8281705671580138,0.1588643242184301,0.5012543687741613,0.5738934538445926,0.38468660851712555,0.9219124731450181,0.24861680525156632,0.991187711933596,0.6599961118723949,0.08789103471213322,0.5108299920708496,0.6342509780106524,0.4925542673511025,0.6056295956753482,0.3628871730513191,0.5170413290002238,0.7528818625086945,0.3026599709204975,0.5564770884779983,0.22435453109352335,0.15158894602606332,0.4395205312154857,0.12190047661190195,0.8402374396240163,0.8639331809654962,0.5276479203268334,0.5591205517400084,0.4088938115125673,0.6154092327746113,0.7135470403581953,0.4520767]
[0.37204361471303715,0.25548583181961715,0.8231461200102898,0.2944532637208405,0.9079954747498475,0.8875735647944899,0.05677336235902894,0.5205891492362855,0.3381071355606459,0.49244807352498143,0.2375106645679672,0.3843761290674267,0.5077328210275519,0.3795156247682019,0.4907455042512061,0.8778696936110202,0.046629585086107705,0.1204613781929712,0.802282534440603,0.8170105979156221,0.04943525458071967,0.6935703433622307,0.6512541309017642,0.22926500296877517,0.38743037851634,0.5878310781704219,0.5555806456073973,0.4215987975746858,-0.007746501301248129,0.900719858850191,0.5630548101649469,0.1383582513435011,0.3426495053050584,0.95901708]
[0.7091659906707998,-0.27136225537914654,0.4918067134781644,0.9853205891300371,0.2843147955008069,1.9455711606287367,-0.47282772883793034,0.08213741317907618,0.8157830667213152,0.8016389969033813,0.7650876436185867,0.12270728767684873,0.15076989606590563,0.5067452510241911,0.23222755376861814,0.6388620530082023,0.3139634609661537,0.14857478198462992,0.8203929179352185,0.6300295773981239,0.7785706721497374,1.0482620827769087,0.7387929115650905,0.7103620345149542,0.0131144945341136,0.025833620729878767,0.11175004299506208,-0.26931097081280464,0.6100606954768345,0.35658757934933777,-0.2638396861828476,0.4799021851988954,0.7449716169099817,0.5578286]
[0.8307016674250042,0.03408551068624302,1.3141001754138395,0.5095182980059891,0.568857826741894,1.0202835183754613,0.2778650138839524,0.3072419702062979,1.333823151436485,0.6590216184030323,0.3826329194404942,0.6108426116493815,0.12802374013723372,0.7928864940647047,0.2224046820071538,0.9029647463919845,0.8053904773789826,0.6470798456672954,0.2924821074757776,0.36320003873501966,0.8192269272339022,0.6089660537941718,0.8664238186625585,0.5645075879147486,-0.5560596603546214,0.36025081741374415,0.03410411537460852,-0.05699941517007634,-0.2230565124594329,0.6515599662625821,-0.24737175460114003,0.5574230527623815,0.7842160176659182,0.24514291]
[0.11579836878022198,0.4286499735354622,0.5438427670173894,0.3415037985410517,0.46380988988314475,0.07690285317015916,0.31043030933932586,0.6988440274155756,0.12132534778740438,0.9322155893096205,0.7760068341950241,0.20663118563110644,0.010918424412845185,0.576377837556693,0.06838786612051606,0.2826166207707149,0.9515234833088396,0.6287367984022145,0.4762708165936747,0.912724302378065,0.2311026763185362,0.3002087609587879,0.6226191213045963,0.6717624156440827,0.7005091271091772,0.1370761100025636,0.74421048148551,0.8008053563348337,0.7095032709243569,0.8153431787632016,0.492711741816101,0.5739647748588445,0.15355844675109387,0.743294]
[0.7856694755728895,0.5955502647391552,0.2712769098699677,0.7091718122417322,0.0752160079203546,0.8199891059635791,0.7155379632832223,0.3988508590257423,0.6854623159272847,0.9002076594859839,0.36400508912020757,0.3499571228979374,0.09860963977252168,0.758974593114348,0.20392786084552017,0.4870918606665966,0.8893943132915649,0.35207198608167345,0.7193927124232953,0.9891720945532085,0.8209447866817279,0.9789581943949294,0.24064159168936589,0.06462348643160354,0.6466855150225521,0.43244121524828977,0.2415303167356443,0.7203824066781627,0.7641818923708121,0.14964767096338275,0.4995558418031418,0.3230604628021203,0.6364792006935843,0.7473026]
[0.8500289668823862,0.35053536904469407,0.10030773270555281,0.37853399317345476,0.12240907404104794,0.1199561079126194,0.6151300825063521,0.8775944551069332,0.5889675232046918,0.9066100837646416,0.7791261338953245,0.9041215081848316,0.2656998633256703,0.7539058120505288,0.37400264080718637,0.6291037641070198,0.05133262708981856,0.15782095936346796,0.6969041169907115,0.9638523123804242,0.08335267706074906,0.9261759729700837,0.7872136702282573,0.011407638769470485,0.23198532769310676,0.7605535878713352,0.9627329780933139,0.4132991260886181,0.32656520665175987,0.8479952634667236,0.3551992103362895,0.1774095370369776,0.17208534822991436,0.23300235]
[0.8587688100173532,0.674219807323164,0.08701796128111797,0.9181542140760317,0.5092194900644149,0.8578784472282148,0.19369539996129778,0.4456142843709239,0.986407993380868,0.605532956177462,0.4802217245282616,0.7096629686868021,0.24911997618037618,0.4060302223167275,0.8406607787537108,0.7718496729363218,0.37407592886364693,0.8158155039001374,0.8285749978281024,0.4923271480168133,0.17553514077778726,0.8690907721972347,0.7119895251107055,0.10388711496096237,0.11718860570133113,1.0051701782277713,0.24322314686279387,0.667620350016421,0.5184945902426724,0.46773185700476194,0.2651335755082593,0.050267886651263805,0.04339747553468401,0.059677611]
[0.849438807181138,0.43625415104962745,0.7918890827686371,0.3007617213142571,0.796954346291886,0.04687578795336699,0.34776957231261485,0.60000911738902,0.08487368093475602,0.638515110946047,0.14646349402011283,0.9655524975557529,0.6975606303939034,0.20120447683278575,0.18355673110419246,0.9240040684980306,0.6327158178151073,0.6535152402834222,0.6606641737658422,0.0903736355344106,0.35436201902744885,0.22586898264164762,0.75618233271205,0.39287983442866825,0.09452099524631924,0.9537372897840809,0.9547642416481336,0.8563826465221676,0.13864228439379056,0.40713700324945534,0.7434068050599483,0.858864662483268,0.31115613438792916,0.97632111]
[0.7994894847189977,0.6951125136125266,0.3251898448746551,0.007969511177075133,0.2320380563803785,0.5527828407337454,0.40381561788080694,0.5997129012731767,0.5179644973076148,0.045347973311371935,0.3987093161745314,0.27871142603494325,0.7910328970959134,0.4636423488572349,0.43958992831463595,0.8398582349221428,0.33469143400256607,0.8046181784333591,0.8262123849953901,0.5828615281471835,0.6948034680162907,0.7134141183544142,0.5709414192071957,0.9880909790671145,0.6658548896490885,0.12285874215309128,-0.005547315569322339,0.291371234279123,0.02814983921014798,0.6083404697549214,0.2732871221053023,0.00527882218132536,0.6210168693718995,0.30211233]
[0.21597250331501283,0.03252668407751426,0.12971419647301505,0.3796286533784477,0.1482334351000798,0.7086219167081094,0.6043308595647631,0.010593052528497095,0.48029102630196413,0.8165779333537995,0.5220444178707788,0.2792843981772293,0.430401844985971,0.625086913053106,0.46858005734444763,0.8000165136734082,0.14029566943524396,0.7076006579052188,0.7830344527537285,0.702001877968174,0.7738260598568613,0.7194517469964485,0.4947656090401054,0.6460191594984934,0.6439507131462262,0.9003569825869402,0.7226906584607032,0.5435638046321853,0.3229891614192981,0.8766680553182564,0.9841459002406713,0.42765647603032353,0.31327588405916007,0.9451756]
$$layer start
[0.05160227148791567,-0.20443467374986782,-0.7535901276150365,0.04138083146825696,-2.1959053112980205,-0.44479887369933335,-0.554508695283314,-0.32781992650099356,-0.1916090801303588,0.20382416276896176,-0.24670052048879615,-0.6641338968750066,-0.11972532165974284,-0.6273756598977345,0.11258344299296882,0.12900194734083206,-0.46112543520126204,0.08232133146701787,0.1407586069420892,-0.6722085724113416]
[-0.03525096230124189,-0.274122191068668,-0.21462331931926013,-0.12830911294822203,-0.999074075223255,0.19190055249895446,-0.25659854735259396,0.06712901703353666,-0.06901469425717256,-0.2325357366304543,0.036093340247558316,-0.5472077475741138,-0.49020738856736334,-0.33883131938710737,-0.6155218815969806,-0.6641248481107449,-0.5096750363647917,0.20992267796288475,-0.44969279361106557,-0.7518543513416523]
[-0.1816993680421221,-0.18844571580977873,-0.6156502207706407,0.09291658218363455,-1.9586894847323404,-0.2875475966754856,-0.6410135711704739,0.08284733751698889,-0.3294949062910981,-0.1504410629883668,-0.6284040887642969,-0.13141032207241113,0.16958269618623095,-0.39392178885507656,-0.6159051276576901,-0.6279244903322848,0.18481126404222187,-0.13621311263674157,0.09318068227828957,-0.574200699693538]
[0.18719464377362385,0.3923047833677187,-0.2627331242328195,-0.6263512323054298,-2.155430884205862,0.27915575744260684,-0.3419297876645072,0.35041585573793527,-0.5038450887813012,-0.1891907566621017,-0.618084495688851,-1.8156952661608352,-0.690674498449038,0.10045014108736454,0.17199386676353434,-0.15518668445068784,-0.3627512148963259,-0.008371057654886993,-0.09920563961821721,-0.4818269952187052]
[-0.5045216443418287,0.08895659024077143,-0.21932996963657084,-0.386075023654164,-4.010850226042746,0.18548278534063636,-0.22856954068170696,-0.0619168597506158,-0.5470326493231662,-0.18581832386277994,-0.33117676437824534,-1.847697732461943,-2.0459288578545287,0.3666553287633081,-0.5656028087437396,-0.5486440780104256,0.15342121975327436,0.3217835013100997,-0.5827905723543422,-0.003793829772832503]
--network printed--
--network start--
34:input node count
20:hidden layer nodes
1:hidden layers
0.05:alpha
-=bidding network start=-
$$layer start
[0.6848028811907155,0.32691493769709995,0.2984281573348416,0.8552288045554194,0.9272881955394413,0.8958557887715565,0.8150184380016943,0.678941540578656,0.4316294129184936,0.7463813044059346,0.8775763425070054,0.4385102860807154,0.22409978941656317,0.25464640391050253,0.565848927819974,0.7164322488189127,0.3325660617657362,0.712455304433534,0.010425962354492294,0.5168210342448503,0.7637829626289971,0.9967695509930299,0.7508167700078973,0.7929558658429082,0.42220348799528223,0.8664094329305748,0.9563244263466688,0.7348758695378282,0.6785803737109461,0.9854146492197988,0.42689306881464056,0.9886848389056194,0.7790993474775807,0.153664733]
[0.7959495555091559,0.8032020473985944,0.8073603322652313,0.6851551120913584,0.5418366218542184,0.742286224401466,0.16707667793872424,0.28525966872898545,0.48026422574636723,0.9087955179665448,0.8009793395630874,0.5124462187834865,0.26966326860497764,0.06747237617794885,0.7543902363044923,0.25056578560237935,0.9816330478715364,0.2725378345480963,0.8646890811666105,0.2703749270485709,0.2204953199030228,0.5837815345015055,0.18778045426227766,0.7131963198782078,0.37231956713502473,0.44831178912756114,0.4271645438804523,0.6975246624364847,0.4712153211709684,1.0007217835369648,0.1807912115366134,0.18128566787532208,0.3308334846600138,0.5184901]
[0.9763098603223936,0.9875729724361549,0.10131648015240083,0.21094675187810424,0.12041338205794552,0.07092508282559057,0.7981429747739022,0.49316121814121266,0.024767815568369014,0.8389116617283501,0.8164630438649734,0.7905362295617784,0.674534333738529,0.18247162893844196,0.23960283289886136,0.12449666167820915,0.6824721603653875,0.36068048601002145,0.7365105062497763,0.8170882820000529,0.09114937415344856,0.3598130651892979,0.9400016435314961,0.26075918200953063,0.47959953436148883,0.7847027494947308,0.4464588972764376,0.5461424786559491,0.89958634055593,0.10807832963270757,0.7475982600891212,0.47092813523689847,0.23165155744429183,0.00124044108]
[0.8982219664907447,0.6006299756460302,0.09340035799420378,0.2329386811942942,0.37862611538224833,0.31108486322814244,0.6547872380718949,0.3590648948075637,0.8626915854844218,0.48885309137792693,0.058650568116444465,0.6310058463956005,0.8605296099455327,0.7359346334300046,0.13571357437562342,0.00982437223201452,0.8573962161173029,0.5611966660940624,0.805352300500496,0.938792471984335,0.37999626768676364,0.3304136216218726,0.24602057134979088,0.017183209289562962,0.7925899777567387,0.8022629672323721,0.22061774628783795,0.7597200695846954,0.7231401192288612,0.5994088677126581,0.6000996872947333,0.8327316691642348,0.7576010799394031,0.23199323]
[0.5096538963854003,0.2826639239055171,0.133714957318055,0.016888324229003056,0.9483015497486917,0.9221073444528198,0.980680404816356,0.41547600946011154,0.8819383639102945,0.8303999087256446,0.08268795731498542,0.1850836711837858,0.37894739980821096,0.742435878151795,0.33008154130534045,0.771922617580767,0.3962052908185057,0.07220754904292459,0.5418968798580989,0.06508925540073524,0.8596488021095843,0.08118489363104368,0.12464455163260879,0.42620794594462463,0.22645772947570053,0.7450279922131406,0.5262141659753418,0.7066644637187436,0.4251708109995345,0.7574921958104744,0.5931281334576353,0.8631436851510204,0.9879701041958928,0.1589478]
[0.10116459093398655,0.635198414001872,0.7541734878808323,0.030807357177809244,0.4465264138564782,0.6610784111101237,0.753397971542807,0.8863026141340824,0.12212335124408306,0.37545317796240757,0.0023454780372050336,0.24807589111801834,0.9701229096363451,0.9948454199565723,0.9917142525833744,0.3357431798945242,0.3567320282846363,0.9026701372436738,0.05156488967326513,0.5685769266149312,0.3695737591269095,0.7813778125997425,0.5286936069527397,0.1543492578939537,0.8253642791082516,0.9919745749310981,0.6331543553741823,0.8540309829883523,0.36787610479070193,0.5718816648212843,0.18224676100745496,0.6534534695465655,0.3976066486375264,0.74169622]
[0.8940593776441434,0.9875536447896671,0.2251154333907427,0.5464913368386671,0.8030101821118171,0.6914256481622024,0.1697518519790125,0.7774237658898494,0.4350983799168206,0.19179447911444425,0.6927142178467375,0.36585267220315587,0.79222363920801,0.6572472602826446,0.9387687054026299,0.8534468790458059,0.8511961199740374,0.3139942105777259,0.6413191993315668,0.5746910382979679,0.3085311332683724,0.6903562916720888,0.8914642899468731,0.9151439638800165,0.34899335959149946,0.8497209038976402,0.29702281825442745,0.8568824101229866,0.8784895332348402,0.034222700471043484,0.4708786474055702,0.8451008494159639,0.7760700868521684,0.2457124]
[0.22112520231519728,0.3080791714641521,0.842572348948289,0.08068048172297104,0.7046472912368277,0.3321225135771841,0.6342130499921254,0.11133536164080432,0.8342907508465699,0.8157864898027873,0.21298257025356895,0.09575112900710066,0.9020595163671682,0.8632620140014885,0.2564824002585405,0.8789882193746786,0.7686956971857881,0.5852868526446021,0.6264199518546207,0.01369289920564336,0.0682068584615996,0.3170263826791347,0.5621784963836373,0.16610100219414559,0.142939344175194,0.9329693849062177,0.2611513595595386,0.8464317262127689,0.49657341432139596,0.005768493476534491,0.24900504856085526,0.19355644263350802,0.8336347991868643,0.09115508]
[0.792292921526122,0.3435067057581008,0.06167319791173006,0.795719244334745,0.03276717085501799,0.7339925635587755,0.7986881028425509,0.5978115243019654,0.4773464199975491,0.8198761342029273,0.047457986195438846,0.5914060567945438,0.2826169096542883,0.4028109157160146,0.8769688735108742,0.7585861540336367,0.8727463374788567,0.15828743527073375,0.3552305468724932,0.4812762956809947,0.43537360550410303,0.39123801418544574,0.5161808066128191,0.5397005926580044,0.660369385953436,0.24707430646512832,0.3149433485333634,0.8233883099134248,0.8093365344677749,0.9376326247989946,0.6638655629544998,0.9474428622145695,0.26829254357051396,0.85846]
[0.15488827228964674,0.8921938986122278,0.6884211620694157,0.3003709195869002,0.7275192234736305,0.9591676579409442,0.15790240839275965,0.36565966931491994,0.04993436263958428,0.4979444822516099,0.14732798929417965,0.505747481331007,0.2858143085985242,0.4613393190340768,0.644511269189942,0.5346121334960072,0.33866023289189456,0.22590301157258152,0.36185981492289926,0.6566758019321453,0.7198076176198018,0.5341273945861933,0.30195865633730756,0.0824028321324054,0.03079533527559787,0.3593872792948817,0.7499594650593137,0.48632114703542917,0.5160620923681194,0.40293496048845173,0.5025118843693992,0.031180315904006273,0.5690044434763453,0.49123]
[0.7883981655979988,0.4366210128167804,0.734539345988397,0.2734668932799506,0.2545262204122287,0.25218634723248884,0.8125429968219706,0.07944351332394037,0.8420196197595189,0.7447070181599096,0.7233009077414276,0.07658866297638822,0.6941817445296592,0.9221565271954089,0.43728693285841586,0.27511304389638974,0.6077404616156591,0.7350874961383238,0.9868538184196332,0.11806456975357635,0.21098195902271985,0.736522699743333,0.8723840162237846,0.8886011381186187,0.18475260133069563,0.3497004239309638,0.8565766149588565,0.2545021207824709,0.6805186491641394,0.5271430637664448,0.8642573120228322,0.005314139561791276,0.18513037022608067,0.95674]
[0.09912134032619302,0.009314361728609739,0.35142409263477503,0.39783369006058317,0.49934971173306913,0.27594570306009536,0.702866713776073,-0.02395368932766209,0.4592213709582469,0.7678828669541696,0.169051897542902,0.6734132211074245,0.16454225172588532,0.46960015208768185,0.18081074239149056,0.9896786880916073,0.4352421404801777,0.3394172516541092,0.8977764585700432,0.9895740974643212,0.7852809290260834,0.1606706291188385,0.26304930191227227,0.710447636732352,0.7200968076753772,0.0020557760035000918,0.8364682935968034,0.5783679626947373,0.9855194085670562,0.029014813351578215,0.4725723088003467,0.31198039582311043,0.9324477143350964,0.50981]
[0.19854669042578765,0.5876452227882114,0.46086924403330265,0.41194779767068374,0.6361078467795864,0.368532246110745,0.3286128317654746,0.5945866549935699,0.3389379993349459,0.44390853723147483,0.0741630859360578,0.1611717417768165,0.8431588764052093,0.6295216383671527,0.8466590523907012,0.49906702771186123,0.628841889734191,0.9585160916170634,0.9416874319919133,0.31404451518859106,0.05334082797329218,0.9181345024637884,0.6351315961027104,0.670776626143232,0.21181426870442224,0.9703280090005505,0.354838333770148,0.6595634739158232,0.1555316928290435,0.8720282188315276,0.9722103772876778,0.5274774043650235,0.18030629274640347,0.28116764]
[0.8242810485462502,0.11962574094418513,0.21297555292624334,0.012727167724953713,0.20688384116340397,0.6225098639014834,0.010537725402480047,0.8984004703462362,0.19955086502974673,0.7952931889142111,0.3115464088078401,0.5911705307575101,0.6092628796536987,0.02320763723626022,0.5365812059064682,0.7473381364737838,0.3847000219206938,0.5705100792984861,0.3775868869023576,0.3196244369742783,0.10652401267952676,0.7599334106135268,0.3780030641093134,0.5168722886706777,0.40387429622509424,0.003755103236954595,0.8603495329461499,0.5877760996685445,0.5077785314641149,0.30639255432406975,0.5235568249513851,0.51405059665659,0.7857393495539822,0.59188]
[0.17293589455094371,0.6994535038304276,0.43501071076913145,0.7319601748888055,0.9288326616836491,0.8070835701975009,0.7238735797435488,0.6294658081435882,-0.008444278928748605,0.07618819139734999,0.9494810685329357,0.7337945113957849,0.4732338824519016,0.8732180437295195,0.24867259560503016,0.8932129628776608,0.5563612692674367,0.6106147152845137,0.12969440987832587,0.07789991156080305,0.17874358678617996,0.7884367323158789,0.5730772086681104,0.530107565093201,0.3393829351638922,0.24707927455822648,0.005324250268126072,0.745013637243994,0.34970051302199856,0.29784456811053417,0.8253978856132497,0.15380336595810562,0.23784400859221416,0.236768862]
[0.10530422273834172,0.23323563660729416,0.8338855689235241,0.42489146908170794,0.10600773291686034,0.9650912698310639,0.7151731731169854,0.8555844267831934,0.34966919302843763,0.0994113967245958,0.5371299689404977,0.17714270944496568,0.33245550566517434,0.056946801289899054,0.41393763511349,0.7430653399934128,0.08567963282093541,0.6950607042372997,0.4811401191410192,0.019885349238699394,0.08378407011203075,0.9005697344038287,0.4210574123392454,0.4936853989410971,0.5445119753502049,0.0596080115233812,0.3329183536536634,0.9282519375077143,0.4937396027932188,1.0059882812852499,0.04662956868536071,0.06478398202657842,0.6442148954101061,0.92744454]
[0.015766630816239413,0.9178092824126052,0.8208616918107039,0.24460480611905963,0.7098935626523146,0.4875632296371424,0.20969902792542475,0.8208865727296798,0.4461229756760386,0.03679360927048811,0.6926994893326761,0.4384194712562115,0.22431931422997894,0.5829378265266022,0.7293732112820546,0.0831743693352496,0.19252254246533582,0.29676416953129037,0.29429418820478553,0.6818324348585468,0.6026064166166863,0.18969703348253236,0.23598774267363481,0.15163222867612813,0.07023095048565627,0.8691585438245484,0.926099972062939,0.17315171174660998,0.3533685054388227,0.5655477862526483,0.7912726554532115,0.5390534653290977,0.14097890381378173,0.228244403]
[0.25613589198592346,0.9457633645501341,0.028633856273932858,0.9586391663527875,0.8703368908543468,0.7420671517634361,0.5734160752675616,0.6407708678338491,0.8008266547254574,0.11211082444723523,0.16695564955575792,0.2682301308105499,0.0691688910715351,0.4941867471848615,0.9778635071719035,0.06283335531637435,0.47516763239973664,0.8199823164594275,0.1944562790082556,0.43348670424977154,0.12239474011865017,0.013955137108367986,0.34312746540597067,0.6412385149706707,0.3671616322240583,0.9124932033102202,0.6573158182061222,0.16502861635515062,0.6411794742038045,0.10467184595218805,0.23850499348637794,0.24182983552317494,0.9150415825969729,0.131340292]
[0.010684316820926076,0.5888663958625444,0.7574434343523325,0.943697883578714,0.956936079215215,0.6561769678841834,0.6123193113193599,0.3097249577565937,0.9291658652550495,0.47205520550337554,0.6375059651090501,0.7200388636796284,0.5186981285421928,0.6008089120215625,0.1801768860376728,0.7956697848490775,0.6474274178718925,0.24883011511477393,0.7725524420224114,0.7742642404271947,0.3192508066465415,0.3562380290009572,0.1305583445353151,0.1133538492213646,0.830317140480501,0.9628313478730223,0.10986929555008332,0.8275292009143915,0.9579460028226677,0.9657743497535054,0.7897365820199164,0.6971664279460147,0.18310564776018298,0.0207416614]
[0.8411228841089002,-0.5483679795532337,0.7966985306187174,1.1653947426257683,1.1802455219852461,0.2471088454120406,0.43204082715819825,-0.41209264853637373,-0.3728729975338558,-0.5763848258072073,-0.4648836905794368,-0.300357201433385,0.05282790739327396,-0.15797351726621572,0.21499756011986748,0.6173196029481264,1.7759567789424673,0.06275649383411619,-0.05137041365080344,-0.3007979577200657,-1.0813247643273738,-0.45382329778995406,-0.6652024837176785,0.4759862053406816,8.830056413924183,-0.46671636633028707,-0.49055355349715485,-0.48441508261484034,-0.5676441023245951,-0.05397783211605724,-0.44585759043250883,0.6272209609175101,0.3340587152166135,0.176295664]
$$layer start
[-0.07594749325083236,-0.10699595181751777,-0.050456205621677054,-0.02961224450145012,-0.33859571705146985,-0.17408693956338148,0.10588081353552271,-0.6038933464760724,-0.771146903287874,-0.8162535041740355,-0.19094084600615094,-0.5407114914367148,0.12088204768238865,-0.35700190506129786,-0.7129996678505715,0.05168961312826379,-0.08357892482805776,-0.12093853549972482,-0.10996773436369399,9.39406324579819]
-=picking network start=-
$$layer start
[0.18066931535034614,0.5197630901304789,0.11558247149931306,0.9762692787988113,0.6762711108206355,0.3174320469405419,0.9680199021130141,0.9237695569574212,0.08209097446561482,0.5095167487334521,0.19276941118833096,0.8683385978715112,0.7062592779153758,0.6818970519722014,0.49583283216263385,0.9622429581351162,0.20015997990496692,0.4453031230845904,0.665738261163375,0.7020354880174507,0.5485999076731425,0.6467234425179612,0.5175900012939657,0.10281765959624778,0.587190350756957,0.08207809545266345,0.9068887461060942,0.5201272458097796,0.2812282290157069,0.052267219168673766,0.5946269127299273,0.06779759861622414,0.6825582988582797,0.318164166]
[0.04352822474811002,0.6071498371933689,0.6340440798168172,0.4603020010262773,0.5108363494975521,0.48271337152965615,0.19962269767891566,0.26712454860524376,0.05723054732550631,0.25625997644951193,0.8235979976270051,0.8787054993927134,0.16510830504288843,0.8776029605171433,0.21418472364456143,0.4523120895882008,0.17036119273813222,0.3757365408803769,0.08047987839876831,0.19010384888948706,0.13404842227289301,0.6489405157463164,0.0965568825546892,0.7764444222843294,0.9973649200374873,0.7245464287395542,0.7300867928821985,0.27789409525716163,0.5475873005521211,0.9733737048076261,0.7070721191780629,0.25190890245137754,0.3394277337176974,0.529446]
[0.3342136017517813,0.6645498022627127,0.13468855436957433,0.06766279311729964,0.22335899894754344,0.6652772836597759,0.8749155380245603,0.7148646174084826,0.9185904809018274,0.505992485623442,0.18050738164264862,0.7931609753364692,0.2926634082346409,0.924757235602206,0.043943163806743235,0.8806676369549596,0.6904530229748551,0.04211624475878739,0.25816779122779787,0.7069483607215102,0.5485938794672788,0.9753650834408238,0.34337056922979414,0.8139181480159577,0.4791378292006755,0.20740743625545424,0.6186823868004725,0.5181594142147541,0.5945612023862875,0.5733899967959629,0.886096047727362,0.3256493368333503,0.03587508077002185,0.400322247]
[0.8598977510972773,0.773974748656396,0.7584279261114352,0.21945979711388403,0.6316914915891171,0.045253374164436776,0.3902700803376873,0.13505830737366178,0.6865773196296664,0.762162094761416,0.9697711530449422,0.15020857649118632,0.007769386529806521,0.9630567627341496,0.20101431003835069,0.21209630665113977,0.22291472152012692,0.09532786524693748,0.7744495810590043,0.05517834262748967,0.5178527627083279,0.5900752228173504,0.6165422807065717,0.6176706362187978,0.037613778994190133,0.5917108082548579,0.23428528290584386,0.9438794387157152,0.6868159994313437,0.2027521245685792,0.4345763712923234,0.46735825012108934,0.05811889913732403,0.4826204]
[0.4537225845320201,0.5682997151543316,0.5766155977786613,0.49190754995107905,0.19008512947094686,0.4657948115324602,0.8051875631589744,0.6324100152593387,0.6098926942201013,0.8209652246742606,0.39890972319061785,0.3875901234430822,0.5494190571473503,0.7860921416339401,0.6972553340499732,0.8362617347727971,0.06171231454703041,0.6634872534395199,0.2589258768867641,0.22531456825620208,0.3814460130683215,0.38178444119555666,0.40484109613023156,0.06693567387435684,0.7770411735309815,0.9700341011896498,0.9704659095263874,0.30825385751267964,0.10893014959410818,0.0897403499095338,0.4944231035574667,0.2431702474017724,0.9982974483067744,0.3409335]
[0.2587376171246546,0.2883563334403059,0.1921928011140921,0.007594238423678505,0.6824356888612899,0.023031697170445065,0.31245457610259747,0.4903663990988577,0.2845314061659779,0.2127959443381679,0.2755930312520335,0.2021006258632488,0.8220714139473957,0.7137590948709982,0.2761404981714125,0.8107043878187513,0.7298985431035401,0.24244365091999076,0.7449679866718677,0.39290950096152166,1.0007751875217932,0.8817939290303083,0.6203272745770863,0.6127532115976833,0.10412575212449353,0.8367078173788367,0.8672395112702966,0.16558403737394695,0.38393408875799223,-0.1062189963408679,0.13831909391609395,0.5115162846947721,0.8023667033611133,0.237926]
[0.9674321563341989,0.11930450459691289,0.8303932520208664,0.662936611866265,0.3614527587284934,0.4149834987441406,0.7878541372688584,0.2817549648405017,0.3043540396828148,0.8290803532295249,0.590360339948994,0.0642438904944548,0.12450969993283978,0.19233354099890443,0.9151717333983594,0.572534909090059,0.28884809941359413,0.6890459913531948,0.20727525556440554,0.5471252144857167,0.012705378201153065,0.3304430938557957,0.804477769640822,0.4535908520378311,0.4496971824387207,0.6873132331620694,0.6734630020788083,0.5603719142450716,0.685408454392343,0.7018195428904528,0.5006069328990983,0.7384890706554377,0.6156070543849771,0.040390464]
[0.6929370185166086,0.597058224360542,0.21368632474522223,0.3973482441073322,0.7203700236407723,0.029365654914313682,0.8773718464648262,0.6540013674883172,0.4907960837976702,0.845994562465298,0.6735840519471399,0.745561167918185,0.2942334383890143,0.8864979646484561,0.22305267010454222,0.7879285741024975,0.231084142639002,0.5781722414764019,0.37955471838243626,0.9653318986912878,0.7332140609681291,0.8781468684815356,0.1745278221035328,0.17921189168432994,0.27560025748018957,0.4709130389260848,0.7985146750825329,0.7422472476999985,0.3836976253142513,0.34486400909462117,-0.03044182863906668,0.6983871077056194,0.4724802490185185,0.41273335]
[0.7127331597315221,0.33658041433152486,0.46010007146885074,0.4755979568187229,0.8419718179339696,0.45115935717786726,0.4238859187073962,0.8985438206115327,0.14512319534398024,0.48454733262767974,0.7590231646086413,0.17296016849346812,0.6994679675909086,0.26549613694657614,0.032060219207519336,0.4969660435114792,0.3149952364679295,0.29167255280651694,0.48726103005852206,0.2620525592220154,0.7781731582495743,0.411287238711232,0.8864192646631422,0.0989440133339533,0.6885697151399733,0.2700424892916111,0.9423368604263903,0.2594485222754228,0.3552187642415118,0.20776507973950797,0.2942877626657396,0.5929894292985006,0.7480045970143288,0.050375335]
[0.8875979148836699,0.11835266760907912,0.07419706796004075,0.8272234986460014,0.6100240583842034,0.6152856585957164,0.6765604934715028,0.552188684381439,0.8589094141972662,0.5771491102167815,0.35444170143781156,0.6180890166450905,0.5233296783911728,0.8781316753235396,0.6030562819650249,0.5382434595311248,0.3285301667730315,0.9273823791265553,0.21229373616969388,0.826185411288208,0.7769296440653818,0.4408429606957194,1.0396696362268765,0.578874665836951,-0.3401795608196345,0.012935744835754357,-0.12666480065673996,0.11121584972025467,-0.35140984559231736,-0.06806209304074733,0.2242443658649278,0.15360460790049812,0.04599905063670695,0.261928]
[0.4466461909769952,0.19250384048384153,0.43821182155581473,0.26030497368539396,0.7549620750381213,0.37458515004634435,0.7241555351383678,0.4132550215011629,0.16968922905570136,0.33664667508056456,0.018102543603507514,0.7178739458833188,0.5823576923069983,0.30793022062598796,0.8106592695902091,0.19303149292902066,0.7942918059907872,0.6298847155056001,0.20828904388866962,0.7424209405037012,0.6930075190832721,0.7467426323381566,0.2600430231083959,0.9532563650921153,0.7149962263461436,0.4393754071622274,0.8320275249393718,0.5734054839025401,0.29934711907611233,1.0024764354557223,0.4698980335446113,0.2067195564186689,0.4245864923517985,0.94181983]
[0.6384094063336365,0.9817273742262939,0.4782223470532908,0.6513721264921217,0.7608620227902684,0.6378602396261632,0.42073975086577436,0.27935612256675396,0.9224274909223037,0.052994844106531054,0.7166348618933993,0.6923013199953791,0.4429885221878437,0.24049354139428714,0.1633424205910584,0.5032621771793351,0.7700559595014022,0.3230305818963136,0.744187021607752,0.007768626924835067,0.19672006018271906,0.9696800518494628,0.35543133981100117,0.4417111205506783,0.046216139048044946,0.126860930991371,0.4331073910581205,0.3893790290181361,0.0938189896058448,0.8458613427647412,0.6933388376401682,0.04281166724541108,0.39597266427432265,0.0803818]
[0.588292268523284,0.6232080454136831,0.5224808202157105,0.3057144623719775,0.08638865011018737,0.2324401536637033,0.5948943402824698,0.8073794188828837,0.45293028676415437,0.6547078770425585,0.6841499953164388,0.24232363870343787,0.7987123285872313,0.8405497395306146,0.5073706054936273,0.11255503324803895,0.39197060908301284,0.27927850551176525,0.23567202385104538,0.17829542112749955,0.3421733205474783,0.6240946206105339,0.6133999737195058,0.37946811976937356,0.04950607160270997,0.003117672840698121,0.38763923418622104,0.007147253214462701,0.33269095548866257,0.9010426978333309,0.3526115696238133,0.1748707838852258,0.34607694860593685,0.77336682]
[0.4504315774579709,-0.44994750343588596,1.5645622864994713,0.9517210496335793,1.1747574955460787,0.7331416255748076,-0.7403688018071568,-0.22790060194210282,0.6665274373021177,1.3546190615613565,0.7079482328256634,-0.4486107176281612,0.16733225032983357,0.29773710504612394,0.2498798414221709,0.21677085985277855,0.6535197789594659,0.09522559480210613,0.7850457401323634,0.79190336508223,1.1576213944144835,0.33199087861397086,0.6096218093247726,0.47726585320385906,-0.0961852487607793,0.054545618949166284,-0.716966491675483,-0.4145285116312237,-0.4320308476295551,-0.05425804312360282,-0.7679763648095564,0.29531785540436184,0.026065431123495623,0.9448107]
[0.4885553831652152,0.5216221108927399,0.2766367041987872,0.7106609127144171,0.08805084207074101,0.5211710689379028,0.3932091228884635,0.5355715503845185,0.5773046556144846,0.6664546884007917,0.7060225858001823,0.24534632502802906,0.6973057399680538,0.669663965089765,0.16602254078900114,0.14274595557662306,0.12836647971125315,0.6994384445682409,0.6452604654562999,0.6281166105423391,0.0883110715101106,0.6102117861973545,0.6640005266488856,0.6857383965435303,0.5528784137797363,0.9105310123967161,0.4700409354931441,0.3625139780238786,0.572112911344008,0.43038583562208027,0.5956602604927352,0.4148475232532255,0.7138244062602965,0.05440883]
[0.223129431492609,0.5227186457950332,0.7499739788943172,0.5658715882052991,0.9023735713001215,0.9834922957079021,0.4093433939205247,0.3514062533857972,0.052325140319381055,0.6893774661071902,0.5341015054453497,0.3640221797303219,0.7355539031268274,0.13080136194960967,0.5945451647977574,0.6940710021656595,0.21164921873040565,0.13164180749275678,0.15026950507047793,0.42811958156199875,0.6739897011435901,0.9178158918356562,0.13323714307751508,0.10174994998485942,0.4450026152492241,0.9056513495638207,0.2569947781310241,0.10887761623870283,0.41467848701521787,0.2609562904599066,0.8403546006317079,0.9124213127676596,0.9361402246061366,0.18181193]
[0.9137353910762576,0.7122979122789833,0.8052187127830709,0.7375519030022648,0.1653499137517563,1.7390523914006173,-0.1902470273399503,0.0665503292978975,1.0373950697784216,0.8729743620270299,0.6023104257782899,0.8204752010915861,0.3229834275305248,0.16945482339491136,0.6076641562483435,0.09483079130650207,0.7700436510767785,0.27589935025286016,0.7496301553537028,0.8208478520063912,0.07166282497232097,0.7640221143141946,0.6468152083084712,0.6675304017422445,-0.3734360795589825,0.0740018729318994,-0.1996664599739572,0.056582611037004044,-0.08566647053837613,0.05601126532410361,-0.2472121443808142,0.05099055691834664,0.20467306895806073,0.4649405]
[0.8447250258381094,0.7909370038108922,0.5867061029282762,0.44719460975829556,0.02957915682138529,0.4301877824947765,0.12295501637623343,0.6639153710540097,0.5640132903650465,0.5264735963661866,0.6830390645523101,0.6851384042643266,0.7305030670112358,0.7962136462812585,0.6125078155624328,0.6505234244958696,0.41939754368724314,0.1696647179840386,0.5903401819861509,0.38797396286699326,0.3602409475683315,0.2146828184510846,0.1078094999878375,0.7645122726047443,0.14479108094448018,0.8080852088576856,0.2977837494550334,0.1496691825294694,-0.0598530350948897,0.26338775304056805,0.30413821168089006,0.06794523101632566,0.7392010780880003,0.7075859]
[0.6028408017517771,0.7917485531256122,0.7019638343462594,0.11609059794134563,0.15481372983410444,0.8348116387059671,0.5614220458269511,0.04067070470006709,0.32308884984494657,0.9781124656524007,0.7605425887415955,0.3407868762222893,0.8253831283065088,0.21030646265697728,0.6161762109143821,0.04497331883365152,0.5690990843163708,0.25115459240750293,0.4289351236660946,0.4066560895696004,0.233058756091871,0.14046605586452884,0.8833051743385886,0.17001465981087582,0.684219153504471,0.911730853396881,0.3777379146010469,0.563309310749339,0.3260951551249441,0.41418010101727587,0.12173938308715014,0.2728041987661983,0.33417130947215623,0.493876]
[0.4974115854839464,0.8567141213486132,0.5140948998343597,0.43907309790871135,0.35750031036691554,0.34686956329433627,0.26686985079231756,0.3770558828758179,0.9979649130582454,0.41788509169823507,0.7700541019514855,0.01218487953783344,0.5288797250001441,0.7802376336340947,0.8937383930346764,0.05860199163382407,0.7292763830399753,0.145688863367757,0.6620267120356593,0.5836664208788078,0.3123479943325117,0.9906936964004703,0.09279681147867587,0.8445268224443042,0.5922721779257454,0.3998586060389846,-0.026466737695935858,0.7263349966404596,0.12018027510643355,0.8949664237526769,0.7172112655219292,0.3579526991678187,0.3390515303709526,0.674938]
$$layer start
[-0.07346020551218342,-0.24640448482869431,-0.17601505722044095,-0.6736385104621638,-0.07436705070981908,-0.5852151267996091,-0.44173801595316314,-0.27303216695239746,-0.6534631696450867,-0.3747095660894243,0.07020845722653578,0.095671778222776,-0.1764576953925988,-1.622964720566854,-0.13516672338494987,-0.05604314815467596,-0.3706140227378478,-0.18838741773885986,-0.3727158033582472,0.013507422269768914]
[-0.23846421642049265,0.2893680134275102,-0.20632594432037712,-0.1997061309161311,-0.2272507017899497,-0.3656568987400973,-0.14937955610136605,-0.33086278150710174,0.008602896371895768,-0.30479162691056694,-0.0784150009881799,-0.4299996394178289,-0.8973421788883871,-1.0973650963833543,-0.3195000892337898,0.04048793662155829,-0.22077991259770774,-0.7406077033130269,-0.11940954759836092,-0.5169541768287136]
[-0.6800932261335284,-0.3467204009749754,-0.6225097852920994,-0.06973988958089573,-0.5301679455801932,-0.0309276226013549,0.1803644696963461,-0.08440876773102791,-0.07330806269959009,-0.6005085310367604,-0.0647627173864594,-0.2658536865435326,0.11946267175875894,-0.6333519817527534,-0.5054797828763655,-0.560747584079491,-0.36014604257529564,-0.5190611332803164,-0.43181784302824483,-0.04413881387236588]
[-0.3180939354305873,0.21031994206352964,0.16740584022174715,-0.4224095001629603,0.1409663645825635,-0.5024525705325498,-0.18797088936036177,-0.12954525972303438,-0.2203201826981144,-0.7489630212117737,0.060452750905188576,0.07107380979730826,-0.4406652751132543,-1.9792268549848235,-0.6411726103103296,0.05709256980119464,-1.211137977485565,-0.612536610691416,0.10313919505770582,-0.08260824796370146]
[-0.5479301553823236,-0.3075058591479953,-0.1341779015101621,-0.23800242567764346,-0.04016355787039909,-0.6207538323663696,0.24764083022471434,-0.651719748918665,-0.20393150206631955,-1.19521208700728,-0.07324036827455635,-0.010066989872766557,-0.08122513159056462,-2.8491816772189074,-0.36372630414069795,-0.07028617424036349,-1.9989608554623313,-0.1843084988662893,0.24106172423435107,-0.5575357843896006]
--network printed--
